anno
--undefined--
--undefined--
346.2649473075165
345.70474960287373
346.53721306805176
347.57021956893215
348.1242099832979
348.3985382800216
348.59210077803453
348.73165570887653
348.9744280005957
349.22033796584384
349.3079688399454
349.3041819263611
349.2630904888756
349.28137479314324
349.18776471635437
349.1208444061708
349.1515374464261
349.21699409069726
349.2491805346295
349.28376352685626
349.30702169683804
349.24015311118376
349.1770778195437
349.15932421874066
349.0199959783501
348.93161406539116
348.87161552199154
348.84116728812535
348.82935609300796
348.8354649158845
348.8256087422548
348.7867770172773
348.75443230425515
348.72705192787004
348.7119111270034
348.7171166592929
348.69330895902186
348.6642787143197
348.65182347505777
348.6499645491431
348.63760749469816
348.6430918583606
348.6277007804975
348.6195086274237
348.58832839089797
348.58285552479015
348.64661489811573
348.61831453664314
348.5365612461948
348.46257475521094
348.36301220486956
348.27406131416325
348.21541100640883
348.18400259975834
348.2233100680724
348.46866776521284
349.9830645552359
356.2311353954177
362.34326822128253
357.80612207661966
358.0142980945691
376.7737393746972
385.4695612909152
388.14588733426734
388.6674384250739
388.40615969425437
389.03031491703996
389.0695500527755
389.346896263464
389.6898895792741
389.90445628000714
390.01979705062433
390.0871157013543
390.070571052149
389.8909416192029
389.8491102680307
389.9588077422164
389.73524268451
389.6811785499393
390.053128954776
390.1608394524357
390.03852042254414
390.1923634643086
390.18336714735364
390.0018182684584
389.92978531732
389.84133904321567
389.90724506540107
389.9974813644952
390.2684235699698
390.58279153883325
390.578215695515
390.57809411837934
390.4681565057444
390.38028369922307
390.2720926909572
390.2820815250587
390.3043432910362
390.1894435037755
390.0892545445274
389.7793209509844
389.2819508926304
389.05350011390453
388.8028224615453
388.189148779987
387.695229211188
387.95873092170393
389.36227176575994
388.4829962399653
388.72155790375325
355.7236247058771
351.7462961515787
350.1411925105417
350.11720991516194
349.72830794148905
349.25174508792264
349.43383174920723
348.93181965334674
349.35665206696564
349.05052570136155
349.3538417286576
349.27306462331484
349.3674308329138
349.39848651997613
349.31519053007617
349.5372008355985
349.2701010664008
349.4837061842049
349.3734104641009
349.48220538699513
349.5616814690581
349.4622612799996
349.5913237582287
349.5473849102684
349.7378364963482
349.7226014712756
349.75924426707684
349.8219298280409
349.7640162086556
349.8244398407192
349.7603252401903
349.7523014458976
349.8442176604805
349.9019717860195
349.9927767815009
349.97987933119435
349.9346167400451
349.9892818107158
350.046956537563
350.13022895502087
350.1405287138477
350.0645088003397
350.0120495577969
350.0474391585696
350.1138864719451
350.18883571047604
350.33409250580564
350.4711330548452
350.73729887299123
351.39588149191087
352.23076174306016
351.3558130526859
352.13873647259106
353.74098755408244
384.5301719769753
421.65863654998657
432.84324597616734
436.9898284939124
438.7195336560604
440.1274378923679
441.58147803692225
442.9090768922065
443.7404122024878
443.9430307211986
444.1428601042854
444.21692632189746
443.9538633898191
443.7928995164769
443.60617904525986
443.31702449610356
443.26267521106337
443.12356867666267
443.0280534948952
442.9694087902497
442.8838454091205
443.15554584583697
443.50026465370945
443.7822605831014
444.1201035848023
444.49266851864434
444.5723539519986
444.46842975030455
444.34897256326315
444.3058318348268
444.1588227490652
443.9898547477224
443.8700388362036
443.6923737189921
443.5364357547015
443.4930268628885
443.60816695677966
443.84853064066687
444.0762803720596
444.2760505797955
444.1397382269743
444.13712522535974
444.1283778525687
444.01579335458507
444.11208274031765
444.22887848675435
444.3987255500921
444.48910193381545
444.6616427559716
444.61132208677026
444.62442477107084
444.55535025572306
444.45356465632943
444.3459070557599
444.2697777909638
444.3938404285681
444.48719960468355
444.71380074075995
444.8526050609992
444.8218118770604
444.72011464238994
444.61348002634236
444.55195136359686
444.5803933434346
444.6672883299467
444.7389299904313
444.7052007086275
444.77733116241626
444.76313541169515
444.7033155481801
444.6624277425289
444.8029250772571
444.91777116395633
444.8519611126364
444.70068590562556
444.7305394160476
444.7053752503679
444.7040890232805
444.70233987755444
444.8168683436407
444.9111612083742
444.98512475045953
444.86380978092444
444.7761808497679
444.7822814887047
444.85412711125804
444.99613740701125
445.0888142988103
445.03003746194906
444.9376899243991
444.7827623882036
444.61658541043147
444.4988807779847
444.57825717827035
444.56375862900353
444.5644998124454
444.7592216903475
444.61344684921005
444.5693228155503
444.38134438877034
296.2316176526485
444.57620222161194
444.5697949570645
444.31343442736056
444.4136753684055
444.4172032022049
444.31266734384366
444.49575233255786
444.5143593474898
444.2967772648309
444.19733491149805
444.3845683205798
444.6368193947127
444.6908599475893
444.64715045296794
444.7642409231091
444.90121627502293
444.9621625364552
444.84154941864705
444.7622226736448
444.75676108272285
444.57613618514006
444.160625746537
443.4293081828847
442.38790905239387
442.1377998428878
441.39876950142946
440.8621942949472
440.7252076204374
443.1800871368037
444.55695946088485
444.97913811454487
445.4500062021965
445.3543936156671
445.2431893327218
445.2623312261718
445.2911082306353
445.13494366997264
444.973643236843
444.8484785401973
444.65622211526744
444.57020304691275
444.51868818721437
444.60232371203637
444.6263035085446
444.58167517791554
296.45073920994986
444.7804196477387
444.7860142096466
444.64999135777435
444.6221347454441
444.6377842428398
444.6911548690764
444.60438223944703
444.5444801837809
444.59507656115477
444.6299492453342
444.6752972234725
444.636691653761
444.6191170266581
444.6550134408843
444.63868997297766
444.54378769141545
444.53410170770064
444.520382635686
444.5734674756657
444.56402268733586
444.6469518263375
444.6393816353734
444.68104679208244
444.6932046056716
444.65771702953214
444.6469437606475
444.6500480542582
444.70234461694986
444.801538681733
444.78376773045414
444.69401372963557
444.64185783316475
444.7336687291158
444.73265745237705
444.6409606212134
444.4894641663485
443.5188127636297
441.80048085147934
439.55733951475304
436.6280862444096
437.71490991620965
440.03491412276713
434.0774102588515
425.71363027924536
423.3466251223304
423.6723316670555
423.47346710844056
421.9064994741748
421.9918235139476
421.32172603079374
421.64877007812424
421.5297649207093
421.53412826338297
421.8524490466777
422.0907129301478
422.650562683162
422.6914331528926
422.63713748273176
422.8460424328137
423.03709686659
422.969108217159
423.0081111019484
422.976342405354
423.03599541492355
423.1324756594946
423.1237061333879
423.1399206146961
423.2114708674316
423.2728648331703
423.31444869767415
423.2646478324858
423.1702712937258
423.1104294598544
422.80721959777975
422.6534383759952
422.7878593345196
422.7929568454778
422.7743052413043
422.70271884868436
422.7438205216815
422.9955460747238
423.1200629901581
423.0948864689259
423.0023178032305
422.8727028511133
422.76207496063785
422.7758507888319
422.7182487315829
422.67358109036684
422.54900052583525
422.4252956551294
422.41603385763796
422.3673729512296
422.3748367964011
422.28107195220906
422.20795285908684
422.19865219384155
422.15934313259623
422.1821135262525
422.2247094515593
421.9761359094458
421.90411081338334
421.8046371925625
421.6992240042668
421.65709901282236
421.6322727635425
421.63187772394247
421.7991326267595
421.7344690509776
421.3915273911626
421.25061159204785
421.1588084492772
420.9349008463902
420.91407169400765
421.1923436237863
421.1977976199274
421.12923039024145
421.19104718745035
421.16902269478555
421.20903159397864
421.17539414499
421.38318868071036
421.40146778023995
421.4277509500655
421.34388312986897
421.3641033078982
421.4114687519858
421.68490818626526
421.7922152149307
421.6881444968198
421.61056964392117
421.6023187325649
421.6613517033354
421.6174290661797
421.535095088383
421.43920822659146
421.5091884204476
421.3546522722878
420.91871445735563
420.08978574255434
418.7503370832224
416.27413483297
412.3814988770954
407.8718795118668
401.23588702406863
402.5537765993745
405.11412940913834
403.69413065649724
403.1124080546265
416.0413710021319
351.84018662574164
350.2720700440002
348.69580475858606
347.93456989504585
349.3679077811197
350.35494304949333
351.2232194863026
352.17504022898646
353.54132669599375
355.0834875962948
356.0232482126244
356.48108265247225
356.0274386923003
355.4753201203758
355.1174108030068
354.9032507667061
354.6798028392527
354.51061377936196
354.5333328177457
354.75336624480485
355.1322179455529
355.39889199533036
355.76820165951386
355.91799931052094
356.03897518250795
356.2054739675012
356.44443565081383
356.5377137200018
356.5416935202704
356.4877027194748
356.3939524238223
356.39053152502413
356.46111218528165
356.5073986270943
356.56593282808586
356.57748106709226
356.5763125151136
356.6289828198828
356.63435985859206
356.51924694852715
356.41610667354536
356.31558198026744
356.30579485055074
356.29046823966576
356.3107371057559
356.26972405672757
356.17273260838897
356.2283761847441
356.2263174607981
356.2392644021935
356.2469815573267
356.22558929827346
356.20955047952066
356.19302485882946
356.09446492473967
356.0270655894434
355.98032073619993
355.9650415866465
355.97200116577625
355.9740737711433
356.01190796492244
355.9870670885979
356.02530626088225
355.9972451793706
355.9067967771067
355.89584872298053
355.78683209408916
355.7008171260515
355.6191928675535
355.5396502395831
355.4699906616409
355.4712608087968
355.43836445711673
355.42119912890416
355.4092632218458
355.4760541558078
355.44302832190766
355.4349767629132
355.25006486688346
355.15656958785667
355.1025815730496
355.01458939130646
354.9294694364568
354.8655576102611
354.86203030800715
354.94905461925043
355.04310503201896
355.0669501908756
355.0324800750742
355.1216718847757
354.999192659972
354.8862660514876
354.8109388073702
354.7642477392781
354.90507239440274
354.8873792282637
354.8719386794404
354.78844703317736
354.6847099456982
354.69398110421895
354.5287154243936
354.6262032017185
354.73696265361826
354.8226411361523
354.9442969913374
354.99145279526294
355.0545215653588
355.060829547967
355.08176436207185
355.14081363152184
355.1344216599513
355.14885839084803
355.14166956857775
355.0195194107041
354.8800349719573
354.6591655357933
354.2583184882174
353.5907107635991
352.9368734766652
352.71229269325994
353.35274276539934
353.6585361515588
351.9274713776389
346.42627081793984
335.25652063923167
334.0727968669308
333.68063595541975
334.6521607666944
334.95024581885684
335.024468143825
335.2054220268563
335.82500336125224
335.7062083759313
335.290592649153
335.6147888316266
336.2649744299718
336.45021226203346
336.10456367978475
335.70392255455454
335.67389582810137
335.845423984487
335.766567878613
335.4668967714601
335.56188751479476
335.6417106418539
335.51921608654334
335.42508152314525
335.5203467895297
335.65193728559575
335.79856514927087
335.8512650940826
335.9843323393431
335.93230578961567
335.9789721625015
336.09138579356096
336.1245566650763
336.12272128972177
336.11985622227456
336.03017415189134
335.85584890054366
335.70507312892414
335.78740217840334
335.9111557499178
335.85844591528075
335.82031315189397
335.892099618771
335.91825883000024
335.8892272528168
335.9211231885039
335.8421312489104
335.6783779216519
335.6111745314615
335.591369882338
335.40847591992247
335.49842397127617
335.5679486775294
335.43111238195246
335.41257465597596
335.4972426971794
335.5877036250363
335.6578914090826
335.62809705840726
335.5028121260223
335.4672392685975
335.4619481205487
335.4996894507588
335.4551468471738
335.3740066341156
335.32888963984385
335.4251643268676
335.5200820779593
335.50884042412906
335.6214582512177
335.6474021970285
335.617383607619
335.58872401123926
335.5587363326872
335.6359840211957
335.6578850647883
335.59896283883455
335.69846024048417
335.74328625629676
335.61666177080195
335.54625304590024
335.54766788247974
335.5330112963129
335.5466012834891
335.55814148607817
335.5549127010342
335.4514687167796
335.4866748682876
335.4571825340822
335.5081507361622
335.5611641561128
335.5572537947025
335.6075221508726
335.6181760797496
335.67595339734333
335.72917824719445
335.7873444802997
335.7074706361452
335.66591129278754
335.7308192323918
335.669305009651
335.64204205990995
335.543407565203
335.63911229506095
335.6740622892283
335.6543996974143
335.7741368232959
335.72080367711175
335.7110365587459
335.61456938328166
335.687285547275
335.82602294575804
335.8904551997805
335.90136548006564
335.7857222515362
335.769759965771
335.7844542027611
335.84289576279144
335.8068173496413
335.8126565597503
335.87480319517465
335.89702290952096
335.91739988961336
335.8148241500137
335.7405107802978
335.80046550572183
335.7942800848313
335.85241062393754
335.8417977762489
335.75873997760317
335.79211788314893
335.78885293505937
335.84575677523696
335.85980971341905
335.71667512379594
335.7488194618758
335.82485695355587
335.8121053745875
335.8874930877532
335.8660609988671
335.8177163187252
335.72624817330535
335.90394288235007
335.91293302990874
335.8064205408435
335.96321567126824
336.0348193002854
335.8582337278767
335.81937714630686
335.8804295297426
335.95037606587493
336.03695213160404
336.07184184754965
335.8788837674493
335.84982111358534
335.8791651810985
335.8746649512738
335.99124492801815
335.91988113718975
336.0340515646803
336.02023007871406
336.1575060204682
336.2375747872098
336.2803333106498
336.2668928402484
336.10647702107
336.18756373511303
336.18542616405466
335.9994031544454
336.11475940687194
336.34807428906385
336.25428446540286
336.25484523021646
336.20290103288306
336.14067120717743
336.2242871383031
336.3333047709859
336.2359661808703
336.18063325909844
336.09869922187653
336.1906324417396
336.45494122152195
336.38778907692705
336.2326164858169
336.18066383074535
336.20496059671586
336.1264646757426
336.2589045220582
336.2401328733664
336.32887258314895
336.3014709334427
336.20421129711707
336.23553291926106
336.29944898289165
336.55720812775064
336.447054386683
336.2955750953409
336.20486772359317
336.2917799452647
336.3689789550958
336.37474431013953
336.4755317271313
336.3074738709621
336.1559871687857
336.2775935583874
336.1670748281813
336.1259540425801
336.22559651522164
336.2995023838201
336.3503990510927
336.293673255254
335.91247850145265
336.2004882573123
336.50728404067206
336.47294991071385
336.32508221202636
336.06114657525734
336.2233650777489
336.28258327685285
336.3506913978619
336.35728649673973
336.3134333375026
336.52550137949726
336.8423222445201
336.64747053757253
337.1386285245722
336.9936947814873
337.04826765988935
337.2946417580054
337.58417517808704
337.5517727708482
337.7886109184247
337.35523104154544
336.6388579211842
338.36030553025364
338.7403243288444
336.78522412559414
337.1772854160652
338.5546504932549
336.1282379509539
337.07989313778285
--undefined--
--undefined--
--undefined--
--undefined--
--undefined--
--undefined--
--undefined--
--undefined--
--undefined--
--undefined--
--undefined--
--undefined--
--undefined--
--undefined--
--undefined--
--undefined--
--undefined--
--undefined--
