--undefined--
--undefined--
--undefined--
268.1441834468405
262.0440407204065
262.2672322894686
263.72872537023494
264.29140306265657
263.90065947402724
262.9493986853817
262.80646047564534
263.0316222615026
262.94567897217127
262.9653068080827
263.23555384285476
263.2198414469714
263.1602051510703
263.0521112955732
263.05701679697387
263.03951418118197
263.06193182206016
263.0667979463685
263.0776556558789
263.1136039000196
262.97298254151434
263.00595331278754
263.06172889681415
263.0908127126468
263.073620440334
262.98194292279703
262.90496596575474
262.9261448651434
262.87529168401323
262.82802476568503
262.8868213678981
262.80972690675924
262.78641615836284
262.5797109892975
262.7059461636728
262.71964932862403
262.6516390966794
262.59343908202726
262.5855414392014
262.62447069820274
262.56797073952475
262.5660716107293
262.5815156541048
262.5607238554207
262.53399338583534
262.6348390207704
262.4802315812171
262.7394846252923
262.87065268571604
262.73036120438167
262.9087118105448
262.964424697478
263.079358585919
263.11635891515664
263.1417754231105
263.1215190779055
263.30476317686583
263.38568698923467
263.3898984633171
263.3517640869877
263.40595879498204
263.4660358145101
263.3709977829888
263.4625599240708
263.4510004463125
263.4070636942009
263.4733678131466
263.48683356032353
263.42498113673406
263.403730103311
263.45182352686305
263.4736536264415
263.40719203316064
263.37487888926483
263.37065600341197
263.3873534897812
263.2875714239905
263.22324255653757
263.250685978001
263.21941701587264
263.28152371980906
263.28651453886187
263.28069642797124
262.9381691386115
260.91547169072345
296.5534144272358
297.39675145821593
295.6286606034693
294.4202848413764
294.7138360991664
295.15795725422834
295.3782546491964
296.41001663176365
296.0639527743615
295.5813828087114
296.1328224793579
296.1265964500536
294.9440456845522
295.2373133321411
296.10836612493114
295.70832930131826
295.3086322713857
295.8115403961012
295.52649859576263
295.0996932616473
295.90837210091235
303.8259947369337
310.3277355563668
310.757792426591
312.87639840016766
313.8985619263577
312.3525318054908
312.113442745412
312.506720849415
311.48638422999454
312.0031405394628
312.96751552280426
313.824836824867
314.56983868206646
314.44176627068015
314.32792195937026
314.6306404137473
314.1000284984059
313.3486994053349
313.81064302801826
314.6059255641507
314.53600809981305
313.4320070024729
312.52819248513237
313.9925814714663
316.2275469628104
316.92734834497054
315.67555948535687
315.8019917196449
314.024945164056
312.065294433407
311.63775385164075
312.29173691780164
313.5236874297172
313.14418074393524
313.00769886485637
315.44610801552784
317.82902794312963
316.72685748324767
312.60529283704244
309.24383676359207
311.8280278432762
311.4155515345363
310.3809732025123
310.4049227396261
--undefined--
--undefined--
--undefined--
--undefined--
--undefined--
--undefined--
--undefined--
--undefined--
--undefined--
--undefined--
263.90325682361737
262.54257662475663
262.64124092337545
264.29891308859186
264.00025699105043
263.3018033861677
262.6976684370792
262.8719014719545
263.0095051654826
263.3823634254206
263.94374443309664
264.17142159559336
264.5346225275485
264.72526744849296
265.4559278860088
266.3784918333244
266.14427580430316
265.5102629792391
266.80181528118044
266.4817488361692
265.056769401182
264.37741017815364
263.86024244463744
263.4714986712969
263.8776415396416
264.5243821810398
264.84621510098634
264.5417945159311
264.95126871387276
266.4318202562969
265.7633965988988
264.25486956310266
265.16757712666936
263.9453667291404
260.9676929201126
264.16103710438784
263.0139573721825
262.22803115356004
259.27489628453475
262.7207506472946
263.2890079061028
262.7468742496798
262.44694976785195
264.24992818999874
266.36152595930724
265.6875189123395
--undefined--
--undefined--
--undefined--
--undefined--
--undefined--
--undefined--
--undefined--
372.530753965025
374.49989075562985
375.24526904542444
374.7649535586988
374.65694403352643
375.2128964323921
374.8559590628778
374.04716394230377
373.6636819053301
373.45782872652876
372.79616846937813
372.5963727863754
372.40551993182373
372.43894488050574
372.46322825720375
372.4285495779449
372.2943420988973
372.20119540643
372.0454142725732
371.9259090894505
371.955650486144
372.0476444219735
372.03891909789047
372.02265083419667
371.98566574324934
372.05901667619094
372.17578529712586
372.1405536730178
372.1353911600881
372.1485613339107
372.1476897339567
372.1458892737274
372.18407820620325
372.20132721505627
372.19164659297587
372.183370391754
372.19099619993165
372.2896178841404
372.2772649215097
372.2467343716099
372.22323182957587
372.2137949996697
372.2719937260139
372.25891448586515
372.1991577796792
372.1339441942125
372.1622299624114
372.21209096601285
372.2130223577431
372.2407661461185
372.13395241590575
372.1182247207229
372.18481258254064
372.0970828477748
372.0621496222895
371.98606772603125
371.94270766995646
371.9675096664539
371.89833576162266
371.84656226410897
371.80875446759745
371.80576384600994
371.7681397247168
371.79619193724614
371.82058311674274
371.7732126056731
371.80317823631054
371.8554254053967
371.8843432037668
371.88845284631475
371.90153601146307
371.93084272233074
371.91602154759994
371.92424276671335
371.8953406661552
371.9114804135305
371.88293794040106
371.85779324646956
371.83286984376514
371.829060830981
371.8294876555532
371.7984231002949
371.78398885641167
371.7774994804305
371.77850428315827
371.76211589157896
371.7725838256125
371.74427845319326
371.7562970253239
371.7915687716169
371.7723406447553
371.7691634613284
371.7906431068881
371.78999639929054
371.7990146424551
371.81549085713993
371.82327693604594
371.80448288829115
371.8173657555551
371.8319305090557
371.83413232435805
371.8474104326011
371.85729295596235
371.84253892421856
371.804208766994
371.8954190906199
371.8722240028136
371.87309467276896
371.87332118375593
371.8618271943669
371.84180910912966
371.8141416429916
371.8005136154777
371.78124888780485
371.7612974795725
371.7809751876308
371.7759575771212
371.721826276812
371.73696437382887
371.6940813639412
371.7123190290278
371.70823947175296
371.66423566855207
371.65969335707695
371.61622479683297
371.62948773674765
371.5998675286985
371.5764902016354
371.5794661263496
371.51749380148067
371.53477088147974
371.50877350736647
371.49989545392515
371.5277551212665
371.47950556244655
371.3817581519768
371.3598242921942
371.5990005346198
371.5590468135305
371.57487696866207
371.5469345882677
371.3632782377298
371.523330946115
371.4839656198318
371.388710998035
371.30229176791886
371.14092437325166
371.27382304546904
371.492936147558
371.2613437500245
371.2401233443008
371.09193119389306
371.19217946621444
371.338903315113
371.25849869133333
371.30808531342575
371.2320684578221
371.2925741120465
371.40532174366746
371.37925585183797
371.41227047037455
371.46675759358084
371.377798114916
371.4425832653646
371.49032766243715
371.51356630281276
371.4809528135662
371.5227873919731
371.49079874512915
371.49608609085993
371.5212956196762
371.5131628891771
371.5908236655038
371.5054695385326
371.62701404399405
371.5926167803318
371.50144378997646
371.7057715814205
371.55051320355403
371.5845839911279
371.552404991047
371.5860357424934
371.63134269550324
371.6126159769049
371.60224202073914
371.48951245943226
371.498338612475
371.6404410878903
371.54089749882894
371.7713647057421
371.709937962836
371.806229344332
371.6666351943584
371.7299729131059
371.5623823565275
371.7861732605632
371.71723560071405
371.8402401800417
371.6355033333149
371.62172311893397
371.6788737791436
371.71671198697834
371.73794304238635
371.760103854951
371.71782924647346
371.6665850430658
371.75658764486724
371.77912232993356
371.74125607581595
371.78000354390934
371.67348113834566
371.7758186962047
371.7304291673543
371.7143714341597
371.74184021031084
371.70987331790036
371.7544463621096
--undefined--
--undefined--
--undefined--
--undefined--
--undefined--
--undefined--
--undefined--
--undefined--
--undefined--
--undefined--
--undefined--
--undefined--
--undefined--
--undefined--
--undefined--
