--undefined--
--undefined--
--undefined--
--undefined--
--undefined--
--undefined--
--undefined--
--undefined--
--undefined--
--undefined--
--undefined--
--undefined--
--undefined--
--undefined--
--undefined--
--undefined--
--undefined--
--undefined--
--undefined--
--undefined--
--undefined--
--undefined--
--undefined--
--undefined--
--undefined--
--undefined--
--undefined--
--undefined--
--undefined--
--undefined--
--undefined--
--undefined--
492.73891724296385
492.6464022638827
492.1243676836623
491.6207854619776
490.4365938135663
492.0575371475623
494.30017754120576
493.52203793961866
492.9259763095458
492.750850043303
492.6952185566542
492.6049505160692
492.68784213381304
492.48844833266526
492.216407483197
492.3406795677459
492.50963362665783
492.35431474178114
492.5153046551283
492.6777353570898
492.7842992833233
493.12010672967125
493.43253924853013
493.4756475462011
493.4067337636036
493.29950438045273
493.62416634567273
493.7721533425145
493.56675500766465
493.34407018324197
493.40847844535153
493.16724786852075
492.96826586909646
492.99447302120836
493.1896979217771
493.017007964118
493.0798747114141
493.1190623398863
493.1516481504079
493.12593355721015
492.9052640918085
492.8319854150905
492.74886239293653
492.6325668067516
492.5921892415381
492.5976127758761
492.6499197744176
492.7835947951601
492.859029246326
492.8244787940043
492.81814764432596
492.77509893998894
492.92826057514793
493.2964628879326
493.4850185326864
493.7866027079388
493.97317402517774
494.2476452896693
494.50195687518834
494.37840775843216
493.86821648324417
495.45582369174724
497.3524602556798
495.937323038386
494.1540925061059
493.92724482835
494.60968803866916
490.6924353350682
539.7353789436717
547.7310933970852
551.1113454885619
551.7176310551452
552.8280974617024
553.9855666290725
553.8413283627965
553.1487591857539
553.3781060401254
553.3440553314516
553.6772239359398
553.5619806014412
553.3736027949906
553.6152483697181
553.2893854743547
553.0909079785231
553.3828439633056
553.420843904565
553.5848770969932
553.561917776421
553.3936102266472
553.4611886495788
553.5556574905974
553.250703735242
553.4332446252231
553.470814474195
553.0071787139225
552.6669622459785
552.7101414716254
552.6132096429839
552.5173841601231
552.4296188815572
552.3299384141185
552.1713111233107
552.2055796090823
552.236565805797
552.1542027968873
552.1710349118599
552.1258058429603
552.0667594780464
551.9873319256204
552.0219379035881
551.8876324442039
552.0763920074458
552.0490087260052
551.9376171273827
552.0369524441242
552.2925832381151
552.3752504007757
552.562413662539
552.829471085889
552.9346927763749
553.1038330476326
553.3004596079178
553.4230890422293
553.4244401663801
553.3051239140253
552.8057122141412
552.3382953350424
551.8946249269184
551.9430507028598
552.0638438887249
551.3951357767766
550.8122762094471
549.4071057096453
545.542077855921
538.2698326855572
534.8876949490764
436.7344069513338
440.335080212673
438.79294355551946
438.6378465578236
438.6773976647809
438.1023272646217
438.5383737457685
439.0943593395492
439.21473495767367
439.36137550948143
439.07045155135273
438.83531150830663
438.26379388624486
438.2522044712923
438.4315231024191
438.5116526024892
438.6385927049184
438.97401846670385
439.03908503497684
438.87809724210206
439.11427802046285
439.13546997678844
439.1339051168119
439.22454579110007
439.2472563011009
439.20132967337616
439.14370027940146
439.2120553191898
439.1368363170587
439.00713834682324
439.0510489798276
438.98152207719386
439.0816728971349
439.0481001467613
439.09183572040394
439.15552436488065
439.1497771620597
439.1695741528222
439.21210995566895
439.27091075044984
439.29397977748397
439.3018817703412
439.1379361854683
439.1671492086171
439.0910253750846
439.0127753373732
439.1845581165324
439.6588610460447
439.9536793640205
440.348226173606
441.6207499400521
441.028621033172
439.0106605308388
437.1454824066529
436.6463270311608
438.60180864694087
439.2984569720871
433.96681368784334
439.8104368030072
736.3994038102351
737.8003430142468
739.6902022238193
740.5584522007237
740.8152234655593
741.8466666340522
741.4967219983336
741.4547076314728
741.8356748411253
742.0529583858325
741.8376462550764
741.9035994014608
742.3042943714441
742.4894821416923
742.5003476107669
742.3551489311284
741.9265714104527
742.1426405036393
742.3879473550192
742.2854534398291
742.0700923540388
741.8076383525114
741.8684125110663
742.002985308503
742.340998529092
742.4240701884199
742.5033764465413
743.1230157128515
743.3552660236153
742.8407533913211
742.7386672303112
743.1214272418652
743.3009434756442
743.4421575908796
743.4128392891279
743.3707936098575
743.3012772573261
743.0283397126387
743.0094241511031
743.0345253131984
742.8897224903188
742.7704294870596
742.5164573650981
741.643808519804
741.0984883925032
741.2648808125929
741.6855989239236
742.306371262833
743.2119023396153
743.2895955027933
742.1010649294523
741.6906410982286
741.546746058218
741.6549747697742
742.9028233296341
748.1143909573293
744.6660007421436
745.796026370028
764.9256534607612
775.818455637788
575.0987565250056
580.27718312969
582.455166197149
581.8147492421623
582.5434893001318
583.4643752565695
583.7943027149971
583.8878205070074
583.9276474639428
583.786049016713
584.2174842840336
585.6102053006774
586.85757194065
585.9000613274783
585.8020130303446
585.294286273004
584.7792268224277
584.7013805646543
584.7516834178412
584.8857631825865
585.1193913114026
585.1611239799706
585.0828023766675
585.163163505135
585.1606354168879
585.1450898085792
585.1965424603515
585.3728920245937
585.469082096247
584.9887880242577
584.7698835253718
584.7002072144642
584.725987681238
585.1155211561879
585.4657956155749
585.4861405377283
585.5246673812447
585.5798629190388
585.6476274729264
585.6554669385076
585.7340607196222
586.1967071923042
586.5949667850763
586.5968614059497
586.7536659267241
586.9098890251657
586.9287959601576
587.3997457576136
587.9104472687367
587.9690312665251
587.7491250397525
587.9895772749045
588.1896408596002
587.9955306967704
587.6373962779024
587.6621365630185
587.5259297124693
587.1485669807498
586.4555831189747
585.9903459512395
584.9607961531174
582.5482134104962
580.4908068328016
580.4442046003667
580.8691577243234
583.1001614078411
581.0938501907637
576.7476726079827
557.7500964111893
554.4441626434715
555.9843991171327
555.65580777568
554.59785189842
554.8998063971101
556.8266694893115
557.9286753524372
557.1959485521741
556.5164075095104
556.8243651200158
557.7166150680149
557.780242736383
557.6579292852647
557.0330723290955
556.6770608153233
556.7623406932071
556.9734009085249
556.3909050744072
555.927952300368
555.7148341283828
556.4495710213492
556.4710183476946
555.5969322902865
555.5197206992467
556.3607082589517
556.9619992527244
555.9092933822851
555.2282553480245
555.0343948647457
554.9480766741539
554.9614084908951
554.809277990796
554.7787351329484
554.5367335058138
554.4438922227713
554.344313533717
554.2366407477608
554.1253701863169
554.1852486232683
554.2913483484329
554.223988692396
554.0680903059273
553.9009071340909
554.0734584008981
554.2804648691994
554.1660810560288
554.0932516471129
554.1941935876941
554.2663957568597
554.3223409910586
554.2172022876227
554.0460534534645
554.1994673702623
554.3970589659755
554.5036391003414
554.3552728902548
554.2996267047315
554.5271154899085
554.7014701972965
554.6629171289965
554.5855833849349
554.5856993730084
554.5970237035784
554.2165440423338
553.8465853733645
553.6358508779197
553.6592623914913
553.6265355015006
551.8345183793801
547.3279678676682
544.593335252961
538.0017914977752
519.3061406134426
495.1984001830678
493.5553434529793
493.4077855053391
493.16766102064264
492.8452910696053
491.1029443180411
490.84788223077703
490.91184560072395
490.8060543714674
491.30958401129766
490.6934374813937
490.3834775668985
490.07940910902676
489.76370108858026
489.43829157108433
489.61264030854727
489.66833883896544
489.5531485274654
489.3595324759855
489.1145598295445
489.4398981838073
489.5760511470417
489.4789287332492
489.5992713714663
489.7812934968352
489.7305660889486
489.7771721507002
490.2056970373323
490.43676872585536
490.33601772013236
490.4271995570247
490.47081820166215
490.7431669289023
490.80706558201774
490.809248711209
490.88051366497365
491.1466478482935
491.54197331101545
491.783521445198
492.20737558932535
492.19657987818886
492.2036862510481
492.3357484037354
492.69267614624306
492.4274833298717
492.555715732392
492.69774940742093
493.07940332424766
493.16426741331367
493.25117870109284
492.86674953014386
492.5199273179412
492.15191363137075
491.73843906255036
491.31129709091095
490.8279390886196
490.2217780481928
489.87821433924466
489.63662578409395
489.59756083001525
489.9327251112058
490.32584548312116
490.573767708555
490.9741649053449
491.1536446999949
491.13343222065555
491.19844735052556
491.63269926474015
492.1499300074762
492.2974363028079
492.461080262764
492.62431002360125
492.6674575421151
492.9718492942428
493.28430369989394
492.68260854520116
492.5050298067489
492.68093689320324
492.65019672729915
492.3425773743503
492.10361564606393
491.9624702239406
492.1050503596312
492.3652877314916
492.09814630106064
491.8946965792192
491.5575604921292
491.7723369543515
491.753044016664
491.81066912550347
491.9904185736074
492.1958319768226
492.2537859957227
492.0311713635765
491.96510725079366
492.1681024529987
492.30442378335755
492.222270867112
492.0044925673047
491.91837749601564
492.06879500909366
492.19860017085296
492.110482486593
492.04002032897864
492.05828585803795
492.0680238213982
492.2140335498254
492.3430448034322
492.34695713012104
492.2749939542437
492.51293207136274
492.6108971799831
492.69521774076543
492.8079721472131
492.54697839764316
492.572783345785
492.3688055631628
492.26619077189866
492.5248689831041
492.69003691782405
492.15306648018924
491.5468087037514
491.1260821721245
490.5085570602621
490.3670285962545
489.88287172204696
489.51568599963207
488.51599982889127
486.1706436339868
488.1303617347694
490.9902773055748
492.99146645671254
436.67086004086326
437.53944212936403
437.59522065700367
437.72116493933896
438.2611911537531
437.85816284723495
436.6226446958649
436.71817517679096
436.4219503055181
436.86421356270455
437.15613443378516
437.0476370534783
437.1774278997102
436.77115600487554
436.716903891723
436.7301138114879
436.8987445015068
437.11952208675103
437.12629984150095
437.2867719443518
437.2963552119611
437.3693441128386
437.4374891681053
437.48104963665895
437.4997377552842
437.72645263242833
437.66049713295024
437.5705593646628
437.36286185064574
437.26756857816315
437.3989795813508
437.226641987319
437.29317182031144
437.56896646940226
437.9171164752022
437.9122011501705
437.8660112911775
437.8674297605732
438.0007927836096
438.29731113268167
438.3990398625915
438.15774770537905
438.03806079267855
438.10590216851796
438.10362074408334
438.1256966126277
438.2059834244366
438.26573987302737
438.3047078159255
--undefined--
--undefined--
--undefined--
--undefined--
--undefined--
--undefined--
--undefined--
--undefined--
--undefined--
--undefined--
--undefined--
--undefined--
--undefined--
--undefined--
--undefined--
--undefined--
--undefined--
--undefined--
--undefined--
--undefined--
--undefined--
--undefined--
--undefined--
--undefined--
--undefined--
--undefined--
--undefined--
--undefined--
--undefined--
--undefined--
--undefined--
--undefined--
--undefined--
--undefined--
--undefined--
--undefined--
--undefined--
--undefined--
--undefined--
--undefined--
--undefined--
--undefined--
--undefined--
--undefined--
--undefined--
--undefined--
--undefined--
