--undefined--
--undefined--
--undefined--
--undefined--
264.00869551111947
263.63246074358415
263.4954834974028
263.26586798754124
263.15811086460246
263.2282805464095
263.37183644354405
263.3692696123928
263.1450076253748
263.0322175745601
262.9270404382055
262.7384622113234
262.671102631767
262.649353302174
262.60264095557886
262.5075985496918
262.44526735330373
262.4978297970387
262.66656039437436
262.7545921786432
262.7961896699436
262.7684541764005
262.70198444987335
262.51925520668107
262.51215222646607
262.40377312815787
262.3376625884234
262.2481049945352
262.227255088931
262.13171468712676
262.08124903068267
262.0553658039061
261.9879451195241
261.7911161864518
261.6030949855841
261.5052776650969
261.523777697232
261.59983691358656
261.7901853765015
261.9333820087977
261.8863253073554
261.88724139027516
261.82368817031113
261.8013045432205
261.96307216526617
262.0231603476255
261.8193991805145
261.6278031239501
261.5598175565883
261.5477831034575
261.57071539999646
261.60881180374
261.61551784774105
261.7760698296783
261.7870349650862
261.82423251054416
261.9428861415976
261.96260207132684
262.0075358275094
261.98201026940353
262.083242273738
262.04301822695504
262.02267319128515
261.9588880169306
261.9210403821856
261.8752953310875
261.80153844274514
261.7802019347593
261.89970411364817
261.7912999390765
261.7389340833164
261.8707002031224
261.86506409616726
261.9015874973437
261.88939680734524
261.93728679235943
261.8789180229972
261.829578825719
261.7980515067117
261.7952374259129
261.78619595035593
261.8630056929116
261.7996782901741
261.741282795957
261.7628415160554
261.6650425850143
261.67284897940135
261.67394531534757
261.69616272179877
261.7367077774562
261.7780371194162
261.79757855841046
261.6614086907463
261.6744348177354
261.7009286221427
261.7364282805908
261.6038336735704
261.72003674952606
261.7577219466778
261.76603181961053
261.7430141831314
261.7766454268827
261.60503618370586
261.60065804684973
261.66180515480147
261.65005957735633
261.765624823157
261.84899550386217
261.6196609491523
261.7730667572157
261.748205002317
261.68279815916094
261.6536249293323
261.6981905572101
261.73848516490733
261.86465534962394
261.66914026193535
261.6587244281024
261.6963704234516
261.76758104934015
261.7176513129656
261.61317388128515
261.7300423001605
261.84034922936695
261.7024073651975
261.7047145395836
261.72427787636803
261.7117066195112
261.62041701737303
261.69371573999405
261.80133682586916
261.7214005691711
261.6477285103937
261.8406476789128
261.6634411144226
261.66839341298225
261.72790663513086
261.68236341554024
261.69676349327403
261.67668963744876
261.7726366815915
261.7078999608974
261.7494470799424
261.6521206296333
261.55547074020586
261.66202340032834
261.5389418677401
261.757606352539
261.6175962933327
261.56590689048056
261.79231392760215
269.99910731008015
349.35300650260274
351.05295003341746
350.94838348599717
351.0372822226665
350.85645598255707
350.58227198210295
350.5292011579796
350.63074291780066
350.85728070973494
351.22460391757176
351.49125715741997
351.43511160047836
351.5328526562322
351.56096473235414
351.25516995023105
350.92107847971715
350.6104970446483
350.37732550835767
350.595416751639
350.57779704045237
350.4876183009945
350.70146003831525
350.72114178134154
350.6195197399712
350.59000834764646
350.434043669512
350.10530768007453
349.8840367706328
349.62134747300996
349.506352587557
349.583393268327
349.59555853558646
349.49312640145143
349.7947223697191
349.830325873036
349.7706241930321
349.8467784383158
349.74881687456735
349.38433622843684
349.2253852364746
348.9473842898967
348.5622033582541
348.5427142310749
348.3518579764089
348.1531591885211
348.1136164092407
347.622855599744
347.2658282725768
347.23071608021814
346.74972271348304
346.5133972674349
346.49895601294986
345.9377896798431
345.53663493312456
345.2947264447773
344.80563024225756
344.74267739852667
344.93578197346716
344.4224758112545
343.7979134463727
237.45383786722485
237.9288649600072
237.81603419441484
237.53237959024196
237.82719695630723
237.91151569683558
237.70915747932847
237.92316121669054
237.7306667216748
237.1942302935905
237.2209178010077
237.24427412587818
236.99709042176463
237.02932986424452
236.83510681673005
236.64528480408634
236.9216816515294
236.77392941337712
260.6005661708575
260.873212157523
261.0752322972498
261.3894492589075
261.7858520474791
261.91853491811503
262.1142877202829
262.5977326548955
262.5579682969391
262.6301432721811
263.2186096825298
263.1364955209228
263.2606451196558
263.601045379177
263.09946312584026
262.8654491499458
262.5021431334312
261.7990181084643
261.5376604247032
261.42093739077495
260.16601863767977
258.8009157570906
258.6384644356859
257.47733471648564
256.76540238701875
257.4625469360359
256.65525745066986
256.749510870319
257.9341186968031
257.81119910045135
258.16034597503887
258.5292779764942
258.65089311577316
259.22414456562416
259.60411228456263
259.5360034050161
259.9788761201486
260.05346536614934
259.8799608603653
260.14596245436377
260.2107070892926
260.1640873097309
260.40006282182844
260.4077069011305
236.56104864222587
236.68759325054899
236.67575394234953
236.54380270922377
236.82923462264444
236.85797693981996
236.93955049537172
237.3356602363609
237.54530747306606
237.77141966904344
259.82532076402026
259.786840230702
259.5993573833167
259.87407614479736
260.4585230741983
259.9525763717503
259.9832863097852
260.5865554197598
259.85835634223855
259.91885263067945
260.6933436035555
259.9836756132123
261.40795115489135
261.65318013325503
261.55839781406297
262.4227146211685
262.6633949696456
262.72557494776305
263.221234456057
263.02351126740575
263.120917328916
263.4429152017067
263.31769509806486
263.064517509648
262.3310650802176
261.8224709769822
261.75294444524957
262.76835069454125
262.68301380726734
262.4561221583179
262.5531474775141
262.6981048663106
262.62673036469533
262.5109975992094
262.5410312500829
262.570482702059
262.53412943263703
262.4731787990191
262.34719558413036
262.2089510447884
262.01784709914506
261.90787229784615
261.71804632037754
261.724769699214
261.5910477468853
261.5600385554494
261.5441687447739
261.4440492271607
261.3498381366943
261.51156234300225
261.3695798570469
261.5571823258638
261.54040780122705
261.19497616408034
261.4579521191937
261.41051207816315
261.02196657351175
261.31285620978207
261.23538872538666
261.1145635138191
261.42435895906823
261.40294517037825
261.0635491727301
261.3227131327792
261.13479877693834
260.7731801128183
260.9713212222043
260.7046527510802
260.44492335136954
260.7131353552903
260.5298272735073
260.4449490583582
260.73212331115235
260.678992951557
260.5827803891278
260.6530922177482
260.5282567024373
260.33979269494125
260.7249811477206
260.63664014874763
260.4084799169961
261.0780060559141
260.87239410594304
260.65094855076893
261.33113066103846
261.2108325020886
260.9638733404107
261.80090066788523
261.53435529894887
261.57950354224425
262.143137600284
261.82985008660216
262.05125089112727
262.3339122388162
262.01180119437925
262.0958336759431
262.49680679233666
262.2310111283356
262.24257628556467
262.4897871984054
262.37211376020684
262.26573773435945
262.5835033908154
262.37960494655965
262.34927827295263
262.54543446685165
262.36941851066325
262.3760354425823
262.4626832583364
261.9606781168935
261.91597654475754
262.0984179575952
261.6220599427861
261.73770216151996
261.9309691784238
261.6003342873357
261.69497609140177
261.4154980228392
261.3566988927101
261.4037268738357
261.62674605155735
261.24562618989205
261.2329111040552
261.39027267183724
261.09683696901317
260.95386953245327
261.0930115043247
260.746438923857
260.6310898515906
260.81028302858675
260.45220913748034
260.61091196088904
260.9417135413777
260.66550746164745
260.9342013709498
261.11440318599904
260.61738352893724
261.1312199716002
261.0556375681191
260.55662281871156
261.0189838144577
260.89528864729
260.4783310134647
261.11918931024854
260.8278843868007
260.64319400034486
261.3166822869753
261.1057849631257
260.90302426288076
261.09731676219195
260.9894429739039
261.0797086652827
261.05471547284424
261.0612044652153
261.2867100894577
261.35891906908046
261.3835245150338
261.3695826642423
261.51791593697726
261.4530734614212
261.25562317643397
261.4387510728667
261.24187149822825
261.30515465420586
261.5012475839314
261.59054724850466
261.3507902515155
261.83353011037855
261.29084516766744
261.51393109087445
261.8762867105611
256.95762621543435
345.7815755614047
350.7315512029622
350.04331407694775
349.90279553706307
350.01866463449454
350.3157641758098
350.8904130121916
351.11947213982137
351.65733726820866
351.73100730836086
351.4010267122933
351.3505336356159
351.17655547588856
351.0770486232097
350.8593075173201
350.5976433122671
350.509986551957
350.6233434135714
350.78468652760347
350.7733923017574
350.7416861885931
350.7793119485745
350.7577070890593
350.8280866881518
350.7457721958441
350.69167331340196
350.63570555583635
350.4141874334991
350.2569214219236
350.1609270827228
349.9351852951754
349.7762738476098
349.76988624419823
349.55419603371746
349.61550985310123
350.5472124501087
351.7540965320009
--undefined--
130.92959216896634
131.2028834396769
130.65318757705435
130.8295487908829
130.8757416672853
130.13509406741312
130.5776957786288
131.00217927018218
129.98058475148545
130.22594152730892
130.86195717242254
130.1487113280712
130.23865808448537
130.80591473526624
129.3351686178931
129.3772516820657
130.9697643800218
129.6693223556915
129.38365449486966
130.87529213694705
129.9302400216979
129.77540299126792
130.87196886209955
130.467548280288
129.7622989960428
130.9264004202539
131.12423562432573
130.22571343405562
131.37039957123312
132.6899698334623
130.990020968832
131.4059754300058
132.3952377109539
131.78114783909163
132.61181363703477
131.9324018311076
139.448937371147
139.66371024481674
139.07799179251518
139.01391557762025
138.94670751501374
139.15977632492053
138.95822345899063
138.68621743763734
138.86960997709258
138.6778721931942
138.70779993198053
138.96665767693963
138.8197959649298
138.53441467661273
138.94355070167913
138.72238442325144
138.7592298395351
138.933733624487
138.55411785782735
138.65520022872607
138.9732035529973
138.39763944215045
138.7688278642733
138.86780616234964
137.95715550312457
138.8571430866848
138.52816825968094
137.14455626851924
138.89145162727687
137.8591648212552
137.51728229432544
138.89646310310678
270.7540727692793
270.36336640982245
271.5103496066142
270.19197372074126
269.1897895336067
269.2261560851823
268.2918966914385
267.7374388214427
267.5915844836888
267.37298596761326
266.68795138378505
267.12804700864467
266.915887639867
266.7763176867934
267.064312432091
267.019913968849
267.2467179078898
267.7759411747627
268.385990583035
268.72196697688753
268.93581446179513
269.3515153105649
269.2827553705583
269.1887108466917
269.6501542374675
270.4418759428438
271.03332568926237
270.6557616321289
272.06014069868087
271.7991804550195
271.3651198573574
272.8742092310309
272.85488548613733
272.47781799332427
273.7899390832142
272.8865311342998
273.72636740911054
272.10477271872435
271.4829245279632
272.32262865469016
269.7765351071126
268.8976467290957
268.2830954112722
268.32763520552794
309.35126150771885
311.02925616002796
312.131613258643
312.75225432146885
312.4727792712968
313.74385799797926
313.5199806741424
312.2856794426916
312.5637023703665
312.5217506939261
312.5482721303051
312.935194112575
312.49220763320716
312.9923253664545
312.77470119085064
312.16939823962235
313.5288951331829
312.97708947063876
312.45358775817743
313.7491241878308
313.142576127635
313.0706464269183
312.8615108011649
312.9272919478083
312.97290584044237
312.51949768095034
312.67492943336134
313.0683429543034
311.92679315014703
312.1693460086206
313.3143287605641
312.3268343654011
312.38519420003615
313.21689734789567
311.84772128573246
311.87760372304433
311.59517214415234
312.25357923283184
312.4162083319484
311.78945867017467
312.8138467687593
312.8319108479322
311.50880643891884
312.87434212211303
311.8399064291983
310.65700000107586
312.1926019490108
311.06668111304833
311.67516354197375
312.03927360232603
311.4904570057777
312.2428497258028
311.31060477986074
311.00364497869816
311.60115598518
310.43402496253447
310.0614523775603
311.92968832602634
310.75575140398456
310.7118584778738
312.3923375314804
310.8647935558878
311.4460084010335
312.10955239262364
310.349967491466
311.6808654712005
310.98751074061704
310.8335142303777
311.6291355267192
310.90610409284136
311.60260905843137
311.3551681409568
310.95137437710025
311.49855052019393
311.6324675334521
311.0188231947031
311.7540341502234
311.67243973680644
311.2618776994513
311.7328852123958
311.6760958603882
311.1745142220103
311.4681364151131
310.8919904813791
311.2820675956122
310.83994606684405
311.46590761664305
311.4520301266296
311.5104221652138
310.6039051164134
311.9764663603212
311.04281073174906
311.75606947148174
312.0620767508028
310.8142439600018
311.87074146358174
312.41154210962753
311.4636377144473
314.0256380235869
310.46140282396476
311.52091998315694
313.5480866123523
310.0039845723142
311.79954514463975
312.82011787742897
308.8493539779008
311.9654299851689
311.43129185102566
310.9170661893603
311.0551872087471
310.1210167901491
310.8865158266503
311.09744815820204
309.59589449047155
312.2312748311396
310.71159230507146
308.94563132001457
311.38828786964433
311.6329690032247
308.4480815654835
311.5115996984637
310.45122877292636
308.6788857727876
310.65850603455556
310.3957640673835
309.8222198530813
309.6736199740392
308.68515073958275
311.7316298883681
308.8719709448867
309.49876990300623
311.36860725294184
309.4264399763398
309.03222960417605
311.5588690215034
309.66769435800677
309.4360529069864
310.07991789007986
310.1592391322994
309.48999648194626
309.88362732961724
309.6553702864608
311.23488574565346
308.5685315195752
310.3329695215571
311.4493506590796
309.39107552431506
310.90672094589326
311.3872400522808
309.63000204004396
311.088261292369
309.91009554605057
311.37302953193637
310.3467978112466
309.63684460276147
311.79646768170585
309.96908213131576
309.3392492013084
312.1842400841717
309.8429218444067
309.8270912927672
311.18106633374794
311.17697861535044
310.46578201711236
311.2170315101232
310.6364239251951
--undefined--
--undefined--
--undefined--
--undefined--
--undefined--
--undefined--
--undefined--
--undefined--
--undefined--
