--undefined--
--undefined--
--undefined--
--undefined--
--undefined--
--undefined--
98.6276478959613
99.2377338811769
99.14399108255046
98.94069831673309
98.51724228078228
98.49675945059128
98.77396957025638
98.34272828944415
98.83777368806088
98.77301051109971
98.8743918353727
98.85810423099548
99.06193454090281
99.02845207192829
99.19000675970224
99.33543420027148
99.4227155115523
99.48009208486457
99.59022600876884
99.31079115051053
99.45982852861528
99.34343321236598
99.26257730145471
98.96007180046392
99.31456686338271
99.28372203197462
99.15875439162417
99.36990362861131
99.06470687427627
98.83738413958658
99.49702904846234
99.26397024909124
99.33245705806068
100.02624749521715
98.9444496895822
96.63073345719994
94.52684780013414
97.10967826874452
98.17234095376558
98.61199088696895
97.9279614854327
94.90967254733499
94.03386520349504
96.62706133027211
87.05787054981747
--undefined--
116.40280936270399
116.71376693429066
113.78138581212038
112.43644336263993
115.7331487577273
119.52023967190227
116.47672841005176
112.86726840798688
112.86441311020667
115.51604299849438
119.08772148562984
116.85444989641837
114.00014249491319
114.4380117518367
117.56333327584936
117.83067906373857
116.3526147332041
115.23506635338313
116.69432367972459
117.78727490581556
117.9172841341317
116.07691566005879
117.01309259776828
117.2922097801625
117.69866459018823
116.03690611623342
116.19442948798037
115.80861036886036
117.64177518823752
116.71829336991436
116.14646128959278
115.13049682636868
116.31111051921931
116.96249243802609
116.91024715197706
115.6578148257042
115.64496936698063
115.40419254344951
117.1357218060719
117.41870972948493
117.59287128813523
116.2469443254537
116.07638119258827
--undefined--
--undefined--
--undefined--
--undefined--
--undefined--
--undefined--
--undefined--
111.57664700537973
111.71014857091767
111.398475392995
110.52065949385893
109.91821756322335
112.2880574348468
113.9744692608531
113.29615379696807
110.95141020106365
110.08749796021101
109.73198346848606
111.32022268580418
113.4203278036884
112.69304031628636
111.5243386358688
109.93272546488502
110.82294890742031
111.91829844636425
112.54702718597272
112.00336569909119
110.81590851165153
110.75994475909215
111.28362359869581
112.77059939542815
112.93746199615723
111.5466389342626
110.97817348288267
110.02482700058795
111.76783845227514
112.11325561685518
112.20640137108781
111.38645147686681
110.43591991488766
111.58726917233047
111.0515789771477
110.98967145806475
111.71845144132878
115.6118377089383
--undefined--
--undefined--
--undefined--
--undefined--
--undefined--
--undefined--
--undefined--
90.03531436534706
89.46496077903728
89.3327871379239
90.61574710173011
90.31333124890222
89.86764559931693
89.99347568215185
91.02334128782276
89.04411125041062
88.87894552090538
89.33336912325764
87.97227687447254
87.68575361258561
88.26145735186864
88.22526320534904
88.56982662625347
88.32457238800936
89.13037405191972
88.58310912486222
88.26632643436592
88.47962028439389
88.1142827933743
88.58101078792477
87.64089796796965
86.33475527156357
86.67108417187208
87.16739678048765
88.55599309095041
86.70375633773219
85.8977514781538
85.99627952570633
86.34644112090086
87.40206796536509
88.43858117547896
88.76736302742268
92.31290528277712
90.31530185661512
89.1737647203954
84.5836318380505
