--undefined--
--undefined--
--undefined--
--undefined--
--undefined--
--undefined--
395.1905637450204
394.8792596665803
394.3484327043288
395.2727204280846
395.2197189609756
394.84043363475337
394.57387584677406
394.7162286186124
394.4113294021995
394.4843578273592
394.571417899176
394.3627826078199
394.04887350519346
394.0005831676653
393.8705434491523
393.91496996086715
393.84962111373096
393.8194514395234
393.7691654121182
393.7539273897522
393.7533937448579
393.7729302697347
393.63688008804206
393.5650596894926
393.63733346946833
393.5679793260194
393.4956226357495
393.45264590695535
393.0980012684345
364.78733371914535
352.73571173675185
353.3659956467817
353.6427907406284
353.016426192991
352.97434037713356
353.0485867838795
353.3121981219573
353.5059947466532
353.3142488262307
353.5316906795137
353.4025859498304
353.262565579649
352.8952077753976
352.64016089973205
352.73114247867414
352.5262389430252
352.3239433582237
352.0046813817934
352.1612323172435
352.020700251996
352.12878949264865
352.1021668928366
351.9144667576354
351.7526551044688
351.41026097674126
351.1497937674636
350.9874559479224
341.1988934308157
335.6660776323768
333.5925555369297
332.9220919806419
334.2234126533549
333.6867332871392
333.5984315796029
333.17491618687706
331.5247392480359
333.14759992433477
333.5772154194754
333.8909343199015
333.03046820824443
330.8717702830847
331.96908035768155
332.004201082105
331.68571366723256
331.485526156047
330.4223670605287
330.64846923148735
331.1135880189213
331.2891617336912
331.570498436636
330.7398753558857
330.7047694509284
330.719765452414
330.5421705752675
331.12752358272047
330.5902466773982
330.37368923875994
330.29662076380305
315.74804560456437
298.8779566527884
297.9209697530464
299.5045777698606
297.788618488947
296.81768129813867
299.06340229155313
297.1826199014843
296.11320737494174
296.8875412421173
295.5424078879372
296.750702210963
296.7239351921353
295.7849691982856
296.38935266689055
295.25657341841844
294.6741590667317
295.3103088581068
294.4543715720524
294.7827572168156
295.0978357061781
294.39612403804074
294.87065626164286
294.7405677975105
294.4327005947392
294.7554167790192
294.20236291159176
294.496262146545
294.74878637465
293.95209971041675
294.2803917211842
294.2654618055647
293.8707975224369
294.24899254131407
294.0942097697806
294.06384806313116
294.1454535469178
293.9714954917553
294.0280853389183
294.04844371627786
293.9364119467626
294.03283654716273
294.074569813943
293.80522253629016
293.9307732993153
293.9567057058015
293.7720979554853
293.8714778668707
293.89106436411925
293.8297147001849
293.82194294398647
293.8813720046232
293.8412910884361
293.8261592174647
293.81361379392723
293.81568248744054
293.79557063699
293.7998681972996
293.81015950339213
293.4548159697875
297.94684801587715
328.4133597505969
331.6167336907277
328.3748673610175
328.07831037911006
330.37699236235954
328.3235467492287
329.72754217727515
331.0024989711941
329.0785028777151
330.9988305570844
331.3398637660941
329.9952432651649
331.47591657433014
330.57777360306295
330.45037537222055
331.4736535074453
330.20968905763687
330.70173267560995
331.2326359778187
330.27070646000317
330.9674345342365
331.1624747099352
330.56387316704394
331.22491256314004
330.79900846202656
330.272439069783
331.10598959018614
330.6475289261695
330.4535390971678
330.8240332356397
330.25111659223626
334.87084989995566
347.0566695976584
349.69862078414116
350.0871321983544
350.70379091249134
349.8776669757995
349.6736366498625
351.10567661114436
351.4591478418036
351.70188406742767
351.36736993442975
351.03562490808395
351.42996132885077
351.37151869495295
351.39554689347506
351.3539857453783
351.07610543540284
351.1252994085328
351.18671930427803
351.37962326092986
351.57138020609864
351.2928294514291
351.1846038826417
351.25300036542376
351.22652573279817
351.32380395607095
350.87268881948194
350.2340722239683
350.47532526247824
350.4746704291839
350.796400397575
351.0138366799936
350.76155324343483
350.92719234675354
351.08477337944214
351.2798186776698
351.4686701053755
351.1280265780529
350.9781398134798
350.873777634304
350.77662320602883
350.9780773761083
350.8349327302551
350.88234102385496
350.993978858942
351.0558977829305
351.1668932696831
350.91106792031485
351.05691598673803
351.1989928897533
351.0004001467842
350.9893585027669
350.93767244918325
351.094417775261
351.2509411692218
351.0743027925979
351.12100661478684
351.09287415451433
351.2512317931715
351.4631847769172
351.3642187650088
337.7173132708137
330.76429861594653
332.3147737848012
331.91454004876937
332.35235358803885
331.8307187247502
331.02647724397247
331.1929136950993
331.6353457002343
331.7595114319559
331.7215727282248
331.42097155089226
331.7635756868268
331.5475735815274
331.4700362645828
331.5881976662482
331.2416184173405
331.0069640702486
331.00712436264496
331.12697199213795
331.0686115824162
330.98114171836653
330.92547376948386
331.02838873340164
331.0745571761878
331.12208211002485
330.90753001323105
330.72311288314194
330.79794395462585
330.8264212837665
330.8265813797059
330.58429731033874
330.52813797422476
330.6134424099017
329.2981343112721
304.7420949186279
298.1812343789803
300.5589636404194
300.64230903364665
298.1235124714592
300.4088546494994
300.8839962485143
298.1397509173965
298.8726642457626
297.11547136448746
296.70740756668977
298.23605499642844
296.4563398697395
296.75576010149337
296.7382331130845
294.7612432318387
295.5864458332936
295.28179509332426
294.384976477633
295.45245524813737
294.7174839516347
294.55169101674653
295.1135408559458
294.42038863244943
294.8046622505789
294.6870661034032
294.10792322794885
294.92093223671515
294.3623385755993
293.9602134552099
294.4532054413869
293.9856052980741
294.0559366372675
294.2537259014216
293.9569612049933
294.2156395342336
294.0429457914603
293.9615252668242
294.0939363415161
294.0221562372269
293.882993580252
294.144404106147
293.96161792683074
293.7669350125982
294.0716250220331
293.8352101509247
293.80401389635824
293.9236273393097
293.81495995866794
293.8407162578095
293.8876259930168
293.8472244758093
293.8245700982657
293.8370314640917
293.77549242232413
293.8295027852446
293.8138386054952
293.7852479298043
293.8326844369712
294.00796743210503
293.84073329609225
293.87766180196854
294.0477635074707
293.9102695250127
293.96460418677884
293.98239316095567
293.8642262893481
293.9598236321687
293.85495981087246
293.8024998346726
293.86844275678556
293.7466468399158
293.8016511423528
293.8971208096531
293.8034875355066
293.8645975819945
293.8481018591128
293.8196353813551
293.8089077412629
293.8037664264804
293.8600081133096
293.79551640665426
293.8372059546108
293.89881989285544
293.8843422770701
293.9177570752122
293.87308097799735
293.80920620705035
293.87765717462185
293.83429258840505
293.9137796279911
292.6993314423131
392.9866980078322
393.6643566675605
393.75221282771076
394.3492763681267
394.21879387340016
393.7921323754626
394.086934277544
394.17923967371706
393.9878418903441
394.1222269518988
394.1780468615751
394.0216379241152
393.8317694751247
393.7569445312883
393.6809317902249
393.72496128130945
393.6909836050395
393.6711647496106
393.6736103759784
393.6747220849222
393.7113065332052
393.6769426217465
393.52953208291854
393.5393024936331
393.58775721877305
393.487209222859
393.4523200847791
393.3808639819467
393.3834207836789
393.44689405637394
393.46701084840805
393.41338822217824
393.47123650632346
393.4914868887149
393.5208240559062
393.6097935303983
393.60710159087427
393.556935674858
393.47031554562705
393.46393690287016
393.4092213080742
393.4395141050807
393.3646324916059
393.42532162421594
393.48609489274315
393.5443440355683
393.5422948702951
393.5350525964246
393.51044443644105
393.5029672057751
393.6057665298703
393.6013453455687
393.6054303008813
393.62872836546865
393.6132234941667
393.6400334101872
393.65062243966366
393.66906035209286
393.6622117550897
393.63073738784277
393.6023744671221
393.56937864852375
393.54506993743007
393.514250657344
393.5304355914737
393.50039687405
393.40197411012264
393.32921071537794
393.3025743690508
393.24782396440725
393.1714990587536
393.0981420059782
393.08636814383254
393.0854769370016
393.0562429567548
392.9879159892682
392.9979083784459
392.95962392074273
392.96707380231413
392.96277244521053
392.91199016061233
392.9172424423059
392.86743176795073
392.8318317952958
392.86559545115637
392.8903217847384
392.8633679514833
392.89890031839974
392.9094912724597
392.89192261115403
392.93587967432825
392.9463522202471
392.974677546163
392.98944816509743
393.02863195330934
393.0560287887696
393.0817416456876
393.069896758372
393.1099434866126
393.19218263801224
393.2033641693864
393.20974300023215
393.220388348715
393.2549615301499
393.25041889874115
393.24085134496437
393.3008379636674
393.3425424217862
393.365525092735
393.3631241345056
393.3402680058157
393.3688398582589
393.3568255326629
--undefined--
--undefined--
--undefined--
--undefined--
--undefined--
--undefined--
--undefined--
--undefined--
--undefined--
