500.5336450443796
504.86347327439654
512.6749000426015
518.3408949447536
520.1342106932972
520.55695306588
520.5091340199824
520.1778703301602
520.4347275222569
520.3625765604774
520.7451323215877
521.0309746744931
521.1190761975565
521.533773249622
521.614314447123
521.5840057624118
521.6439936688882
521.8569476104731
521.9491651466499
521.9079911823402
521.8283915609862
521.8025953043781
521.6829428589041
521.7244888637658
522.1242436193185
521.6469355545019
519.0736956564196
508.62069420378776
497.9247224010691
491.5755468536647
488.4187162516482
487.43396079715336
487.1642892255039
486.6861729957277
487.30382143283674
488.59913206798103
492.38958725747665
499.66935712274477
503.5485267758902
506.52128857204747
511.3918835944619
514.8289384188861
516.5982985312678
518.0331773396039
517.7364465099593
517.1499778558624
516.0208310411429
514.3072918923253
507.12376423726056
503.0989658260366
498.4097753713346
494.2470980082455
491.52077046963825
486.9696283071502
487.24390373699765
488.3569523054999
489.2418525219296
495.9648700083359
501.8365679084074
507.2289972874716
514.0082780929422
515.2503292151532
516.124748827452
516.6754935319436
514.2957322629443
507.88924710981684
498.60735159943573
494.3852087716966
492.446343914887
487.9519292669564
487.18874126970417
482.00278992077034
476.99224063628725
474.0657372112739
453.29534706194994
446.4821731143806
444.50487464930325
441.0685355323917
441.02326964829626
440.6615165778212
440.123940672013
439.69226436040185
439.88745854143434
439.6769436196844
439.8097650947086
439.4154549605439
439.52748339516
439.58025494463527
439.4894070528087
439.3851839155989
439.3318302829619
439.1573632317205
439.4099385894099
439.47241624259607
439.74700366077695
440.3891546604965
439.20503790192873
440.5994456624105
438.5822886226379
389.87050618023363
388.03104153896885
388.3152979230185
389.34252087242993
389.3233923329558
389.28925962984084
389.19862675319496
388.78279631594967
388.67567195653726
388.18822424721026
388.0503079398375
387.6478643212787
387.84699231958933
387.89238277412494
388.3778755526245
388.48950200538076
388.42057252209815
388.52466211320876
388.70117937876114
389.03573167475287
389.3359234665984
389.66096854595435
389.929774454986
389.9654103529319
389.9309301226066
389.8020361555422
389.6499309172405
389.6447364089903
389.57489769525455
389.4050312440959
389.2484809591284
389.11991052629816
388.88360904280944
388.7701517008374
388.47893644835193
388.10712618961423
387.86342545169794
387.3926454176813
386.1256294613024
385.21314717546664
384.2483401633352
383.40317987023275
383.99582515698694
386.4565681970831
--undefined--
98.05309420191385
98.00759114553489
97.80901059438362
97.72965722387193
97.76606978257973
97.78507483083618
97.75819609695031
97.90639616952275
98.0220737642732
98.09029257243122
98.14063364622837
98.10474923813864
98.09320404337991
98.02776077761212
97.98709173914718
97.98917154243965
98.04441989377926
98.13830691074041
98.15356459884461
98.20089627540291
98.17792907330824
98.13016824254486
98.06859114456229
98.08407896478028
98.08977257403497
98.08476304464259
98.10528279502147
98.16670412955649
98.21190075351116
98.28955740784514
98.36287197589124
98.40752957292254
98.39551438630953
98.42811685541099
98.42107536682975
98.42184364728045
98.43290343141821
98.44833434434452
98.53754932758328
98.63026991814269
98.59733856507368
98.3968469069388
97.7547900189382
97.52949321734299
97.60423250759988
97.82184892245849
97.89313950867405
97.85318927059878
97.73887045521396
--undefined--
585.4193445455616
585.4467180508308
585.1620518439704
584.8052106750619
584.4344657494519
583.7339880568957
583.3266466429054
583.1290654263039
582.9418270204978
583.0984684759553
583.3981285408656
583.7682562217005
584.2591271469986
584.7762062663356
585.1827731288988
585.7049348446262
586.0453498650892
585.8937145385526
585.525388121355
585.252240878854
584.8558234347463
584.4524407523938
584.2991487792073
584.4171415753461
584.1878511007299
583.9433041618607
583.7514606642171
583.7606417415282
583.6081243256161
583.8536143973688
583.4019106250079
582.5086177537471
580.2948657321538
581.4935839596944
582.9830536765603
583.9363992669153
584.1255233896749
585.0542972664937
584.4542573561017
589.4243961364555
774.6722917770495
778.1795248102238
778.5224287807638
779.0453383441992
779.7890372665418
779.905204862267
780.0076805686766
780.137937756091
780.1632247373723
780.2723498260973
780.4194112279974
780.4552818984685
780.6767964540051
781.2113677348882
781.350463898266
781.2208693176831
781.2694296404271
781.3176514087622
781.4824344079192
781.5231991652346
780.9781585822606
781.1092542671049
781.7024345009663
781.4615015144077
781.9429813458903
782.371987877226
782.8069457406073
782.9776528000566
782.9835664984004
783.1713589817964
783.4704209451024
783.6763172345028
783.5773707353894
783.3927335840948
783.4022645938675
783.3348837900351
783.0412040899269
782.7166820908993
782.1618806998746
781.1158981026839
778.5594819648205
773.5991184320712
765.5366505029191
755.6445035930631
747.8647001264446
744.1299392876522
740.8741252206855
739.7154116727909
739.935874306066
738.2510235549058
738.7679105086372
737.5795336339164
738.3524629276619
737.0577785654111
737.6782688645769
737.183568485883
737.522016226244
737.9725515594395
737.6962555622166
738.5297169219108
737.9216792900517
738.0604036963828
737.5253958765641
737.1695749016169
736.760160439785
737.2913454639829
737.5724533453888
738.8156606470113
739.0192512557245
739.3435661266788
739.6307701173907
739.054762466784
739.6448958498995
739.2878358625909
739.6637859454314
739.4278510494664
739.8316670486131
740.4806224614177
739.931031846378
741.0282881044612
740.0302818586523
740.8967026698585
740.241399238254
740.3634899256123
740.5051043319674
739.9154812787115
740.7393097592571
740.2476992675294
741.0990576705294
740.7107846498043
740.5858586084089
740.8261269998885
740.503270577709
741.1365135302931
740.6921263661727
741.1194977212684
740.83109396296
740.646827248291
740.8780266388769
742.6418864317055
747.3004494609625
749.3545051359695
755.2802079268204
765.8080862265629
762.1329395910536
439.06487756391823
439.0197669932998
438.8013794209057
440.03127890015827
439.38670354241304
438.87794590462073
439.2203583521189
439.4257340164433
439.3420714185341
439.40325623211345
439.5527402355513
439.7132437164481
439.5849531291785
439.6171339326748
439.8910824626918
440.1204232279243
440.38301612040135
440.4737088177983
440.5793884783841
440.66609406402995
440.8406471894239
440.9510613985802
441.01029182150126
440.96368445036865
440.89505783575146
440.85923433439365
440.8000553591569
440.7859141630233
440.90352496862755
440.72524290052917
440.4121949662535
440.54044449709113
440.363908138866
439.83443721725064
439.28537985567357
438.260428080516
438.12998489402526
438.7476940929496
440.32144895904185
438.1479648840912
437.89377961342905
438.6954246259864
438.56360024461713
438.43070969360696
438.6712208709494
438.547770773898
438.2144832130659
437.76290540569585
437.8727760893228
437.9478905135117
438.1950681327196
438.6856400511716
438.76872994510256
438.4179137498781
438.1859534754604
438.21399217024384
438.37849542612474
438.5268683835518
438.6380066599052
438.71350525500696
438.6890059866202
439.0019936906134
439.28993087058996
439.245076688241
439.07059419723805
438.85949565575226
438.7791555349722
438.81686167980536
438.72848976189175
438.65756524924336
438.5606852199837
438.5948646229345
438.68825684732104
438.7355978990022
438.639535564408
438.62286143223065
438.56448620786256
438.5906097077848
438.9166753580527
438.7363304047189
438.2476536893961
