--undefined--
593.5671570736104
589.5217069090496
586.1034821275305
584.9199291239386
585.0308714474468
585.6282605424549
585.8749002615284
585.3706403400654
584.8031757171793
583.9732193747028
583.8256700884313
584.6590331184849
584.7780374096524
584.7353474585004
584.0175243648855
583.0061662316952
582.5283657024152
582.5665744814619
583.2173674150009
583.7733835949721
584.3737534140577
584.9078846393064
585.3065010713883
586.0092860744625
587.2145022583495
588.2385262186391
589.2889047831751
589.9835923725048
590.979717381241
591.7648124478826
592.5383066934122
592.7351712563196
593.107687632509
593.582946931103
593.5456635755967
593.4316019640487
592.834370723203
591.703560260802
590.5951805236041
592.7968045057141
597.2437992619128
595.3663501131088
592.6298475176329
593.2164083366014
--undefined--
--undefined--
--undefined--
--undefined--
--undefined--
--undefined--
--undefined--
--undefined--
651.3073759016585
661.4552456275301
662.7602325433433
660.1316871492343
661.3153542027523
659.8434044755437
660.6515756137907
659.7056426267558
659.007964351053
656.8676570986916
656.7997929076371
655.0667484397602
654.3029413972503
651.9187921763166
648.7237196149067
645.5546095646774
644.2122055476797
649.0463331724058
649.6308825076122
651.3575802123722
651.6344794773834
653.5695460179746
655.3320154411314
657.3094565110954
658.2146387667846
658.9135482854269
659.268305098298
659.7101571214786
660.1183004140438
660.6289007292937
660.9028828604055
661.2218537641843
661.1936253408192
660.9348179565016
660.7544702948429
660.3644070523568
659.7876358286015
659.4476003888918
659.1682910486586
658.8250702023686
658.9114469731678
659.1586549488847
659.7300454226701
660.4470818618321
661.0669713412187
661.1839671092205
661.5222225446609
661.8189600837392
661.6000461808925
661.3305216355901
661.3947549210286
661.1996483824419
660.9498286606113
660.9492209424627
661.0183305010221
660.9348848718018
660.933360550919
660.9986836386731
660.9282393253782
660.5094713682612
660.1643218634446
659.9939587146224
660.1327431423099
660.1315523945718
659.9642700655994
659.6022603419129
659.5562707500378
659.6475074466296
659.9181024059046
660.215112878908
660.631154602348
661.0103684230417
661.4506676960128
661.9956728067276
662.5018330412397
663.0582215965702
663.7000630194156
664.1841625844828
664.4235519234812
664.6185055816554
665.1256099083252
665.5805993916362
666.2986745053014
666.8819178063034
667.3531943748171
667.8660828038782
667.127949285539
664.35935798628
658.6441528403237
657.6055457886561
660.889730449336
663.5147577277697
665.9890553027022
667.8140080540095
671.0519074473933
673.7001568464417
670.1913895579838
--undefined--
--undefined--
--undefined--
990.4514818419572
991.9717510700389
994.6927286131198
996.1072619489012
996.0265439878046
995.594699530013
996.5647720537835
996.9012019741332
997.2209352520214
998.1280351853843
998.0045618721282
996.5242199097132
995.323704488368
995.230221549061
995.2144077804466
995.0345838838231
995.2262073945465
994.1740352373894
993.6049740908833
995.1169954109859
995.8815257838679
996.5627021051639
997.9175481405217
998.5296787931388
999.4845794600188
1002.4341629812025
1004.6638460952795
1005.3499160584807
1006.5838448790741
1007.5610632994965
1007.0842937101005
1005.2270440826928
999.6265640066685
994.9913472954122
1001.3606647431151
1003.8589321189211
1005.595695459701
1005.4845434361022
1004.3725938682862
1004.6345081057797
997.8873869135196
989.8173129675304
1000.6422533853644
1002.4805005321986
1005.6269011388695
1008.3601611318119
963.4184201165502
883.4722075305587
886.8787086866657
889.8638414641141
890.8946037306577
890.4695959867636
889.1604088676173
887.1589173471613
885.1377175290538
884.0608093013583
882.6083218660344
882.0960134964087
882.0951146444505
881.7088051615804
881.7665680513167
881.2879604189691
880.5589058218585
879.6381120033577
878.053088668671
876.4828828414226
876.3086841545721
876.9718234113799
878.9183747230741
880.6940230656921
881.4335951835473
882.6543334502406
883.7363455141
883.7313143340282
884.5672913873287
886.2236175922375
887.2741765362262
887.7650905719552
888.5121631032239
889.6818479766367
889.9910328561275
890.085665689137
890.6555251055303
890.6910714623194
890.5213522271515
890.1829022828322
890.0214582232039
889.8735405408481
889.3971627420225
889.3663495838948
888.6104328436682
888.3224507879382
886.8408984366264
885.3141771321874
884.8702121078761
884.6080392081282
884.3384433218602
884.6540208698218
885.3906436171845
885.6336136536888
886.0249298416189
886.7982222876558
888.0671531043338
889.126263104408
889.1107899205538
888.9164105082441
889.7153365231272
890.5637273419353
890.0673166701846
889.6408535106494
889.9782174149308
889.8595645773171
889.0358733224165
889.3419862223848
889.0538590885495
887.3515894070537
886.8232382931271
886.769244195198
886.20917760144
885.6641526789288
885.1982401207636
884.2150515081603
884.2808631179032
884.6161121786289
885.0932373204154
885.7014404251687
886.8765379191754
888.621206608367
890.525269932979
891.0054483372762
888.9000039735616
883.2414048224981
874.4018944083921
876.0845520896132
884.3943776291599
886.9391658245628
887.537792512457
887.7679997370552
888.4247795944599
894.5666885961527
891.5632445153287
887.5397934384033
889.4937646103456
888.6574782047103
846.4731980767701
796.4388337259551
789.7876413799603
788.8262639067775
787.6709924236957
787.2824844669801
787.3011473459757
787.6780849622351
788.0481702850105
787.7952286213041
786.8773872029511
786.626295729461
786.9298893289822
787.2946779571362
786.8639823015848
785.6033870290443
784.7310351595373
784.3788355823455
784.6718680975508
785.066853747969
784.9269736067806
784.9689154181805
785.2354633247479
785.9936987086782
787.2975684310098
788.3361456651209
788.6084581148394
788.6166046788649
788.6629174803347
788.4647253889558
788.4716579703983
789.0570414280039
789.7316140163542
790.1399787374852
791.0413305271987
791.588327534877
791.3912267037695
792.066850754315
793.0999123019118
792.3160024717296
789.1942798543952
785.8733874185025
785.380494186422
787.5057627272047
791.4066886304458
791.8171474926622
792.3462576101204
789.6411670170367
787.8365636492526
792.9813340898769
787.9112944683238
755.3923197977202
734.9680085133113
742.4613319944931
740.4812619557246
735.6813384679846
738.488950423388
736.6947906992943
738.6370396510152
740.7144285316033
739.1358109106616
741.0767951141836
741.2186000641538
740.3743294006634
741.1486328885112
739.9462826353596
741.4390995882005
741.9634171828641
739.9663385657152
741.3411265263252
739.8448850251174
739.1795051859126
739.4399745586969
737.3134746674868
737.6253214666733
736.4689911599555
736.9244035894716
737.3369399399211
737.4565891997063
738.8099596945364
739.1017980293354
739.1523461114769
739.3256513247143
737.956681905255
733.6232246707101
728.3332456905449
732.1842205359639
735.8760973384573
737.0579121477758
738.2047434631828
739.6586206887722
740.196298096075
737.7769812335548
738.2128348550834
739.5420839891959
736.8330674713789
700.3342131450271
667.2773516396503
658.9932314367458
659.4831799786826
659.2953220738475
660.137208044757
660.1919008066907
659.7495062089341
659.9297844642805
658.6958994798704
658.2449177586102
657.5908654781348
657.3232600419813
658.11466502341
657.8308520940516
657.8216173261434
657.1872492073096
657.2487054923582
658.0271214106335
658.4103759845905
658.5018256111854
658.5053630224736
658.51671861571
658.6222974152321
658.6041347822254
658.8178376680983
658.776712728309
659.2193916951214
659.7978658871255
660.1831700963343
660.6374178612022
661.2230373653152
661.2793520970233
660.8864659158835
659.4891488373861
656.9042298007514
655.3361772528837
660.9987095799928
666.38342548507
663.5864246631087
661.4824742297504
660.0506986870904
658.1051381266648
657.760105510647
652.1519983277634
615.2526309007556
591.7536667539866
593.7483684272684
588.8758726872197
592.5673534231692
589.0495163459627
589.6824940533605
584.9732850570576
584.3746392256186
581.3654864179964
581.6296630684924
582.9551400793848
582.4595754529977
582.8199535997582
582.9784692354568
582.2735415529722
582.6369385111476
583.193704104135
585.1711924455393
586.4296495690463
586.5902446804688
586.6469537842204
587.7042073218637
587.8374730313169
587.7289457364991
588.1407328479343
589.1233049021514
589.3190900900246
589.7510433137435
590.0087226374589
590.670639852803
590.8939199345444
591.1806879551065
590.9854227765101
590.0113118681547
587.7112226264686
586.9680502884399
591.4657471636673
--undefined--
--undefined--
--undefined--
--undefined--
--undefined--
--undefined--
--undefined--
--undefined--
639.6819773634728
659.7062101865646
658.1723733250594
658.245250320486
659.295557397141
659.7394912395853
660.3543521111694
659.7083823014954
659.9439438013046
658.6181041416577
658.6393067193416
657.3517779019511
658.4041396454528
657.771240473557
658.8451734290075
658.1321888124963
658.3576818540482
657.4168818044637
657.5489288995889
656.914215656393
656.8932296365905
656.7571487600385
656.9688501581489
657.5544496950203
657.8390938491993
657.7346982677186
657.6103182741051
657.3046401723336
657.5089885738619
658.0277591676696
658.5266533602169
659.1811445646874
659.6917752388812
659.899476165945
659.4542613074202
659.2401567855345
658.7075586857216
658.9247054764812
658.1727965190476
657.7844443165211
658.1475787646303
658.3677309510448
658.9252397215784
659.7191309455488
660.1403342084348
660.2888928694727
660.7147322702774
660.7241650279982
660.5542798733983
660.1256023524264
660.2670328223048
659.6326440572453
658.9489323516186
658.4000822669364
658.4277705172217
659.1311511639519
660.1521482286853
660.8098038777625
661.1533368223409
661.8040015456478
662.4047569003319
661.7671731370972
660.6763112639774
660.3494548034748
660.0414991133329
659.4966397485694
659.5998192582234
659.4085854832476
659.819835907274
660.7140227247186
661.753914112821
662.9087554876232
663.6569867417099
663.9644054575175
663.7563801287441
663.4800744769668
662.958140842055
662.8155671035986
663.0248920188633
663.143015711189
663.2013852106852
663.0665751245747
663.0647307695333
662.902304334774
662.9692214249824
663.1174827312726
663.3583433542077
663.1540096507392
662.9763833382625
662.1295842907164
661.5664898782583
661.1130066063056
660.0169132319157
659.019187303851
658.0813795447409
657.3128347314193
656.3587627403534
656.3725282858553
656.6222831659421
656.8138893948785
656.91544697741
657.4856335768537
658.0170062906672
658.9929009298566
659.180431447061
659.1110076788795
659.5824038788193
659.3500079924708
658.8284542211172
659.1079526578085
659.5318816088707
659.4550245010761
659.3041223334369
659.52278235588
660.3878256878782
660.555370042274
660.3957869089171
660.5449420199511
661.2304129343569
661.6411772727147
661.7903846954464
661.9584671533052
662.1952192893878
662.481397796025
662.4293252155545
662.4600353736702
662.4378267359851
662.7756361815133
--undefined--
--undefined--
--undefined--
--undefined--
--undefined--
--undefined--
